
9091
18182
27273
36364
45455
54546
63637
72728
81819
90910
100001
109092
118183
127274
136365
145456
154547
163638
172729
181820
190911
200002
209093
218184
227275
236366
245457
254548
263639
272730
281821
290912
300003
309094
318185
327276
336367
345458
354549
363640
372731
381822
390913
400004
409095
418186
427277
436368
445459
454550
463641
472732
481823
490914
500005
509096
518187
527278
536369
545460
554551
563642
572733
581824
590915
600006
609097
618188
627279
636370
645461
654552
663643
672734
681825
690916
700007
709098
718189
727280
736371
745462
754553
763644
772735
781826
790917
800008
809099
818190
827281
836372
845463
854554
863645
872736
881827
890918
900009
909100
918191
927282
936373
945464
954555
963646
972737
981828
990919
1000010
1009101
1018192
1027283
1036374
1045465
1054556
1063647
1072738
1081829
1090920
1100011
1109102
1118193
1127284
1136375
1145466
1154557
1163648
1172739
1181830
1190921
1200012
1209103
1218194
1227285
1236376
1245467
1254558
1263649
1272740
1281831
1290922
1300013
1309104
1318195
1327286
1336377
1345468
1354559
1363650
1372741
1381832
1390923
1400014
1409105
1418196
1427287
1436378
1445469
1454560
1463651
1472742
1481833
1490924
1500015
1509106
1518197
1527288
1536379
1545470
1554561
1563652
1572743
1581834
1590925
1600016
1609107
1618198
1627289
1636380
1645471
1654562
1663653
1672744
1681835
1690926
1700017
1709108
1718199
1727290
1736381
1745472
1754563
1763654
1772745
1781836
1790927
1800018
1809109
1818200
1827291
1836382
1845473
1854564
1863655
1872746
1881837
1890928
1900019
1909110
1918201
1927292
1936383
1945474
1954565
1963656
1972747
1981838
1990929
2000020
2009111
2018202
2027293
2036384
2045475
2054566
2063657
2072748
2081839
2090930
2100021
2109112
2118203
2127294
2136385
2145476
2154567
2163658
2172749
2181840
2190931
2200022
2209113
2218204
2227295
2236386
2245477
2254568
2263659
2272750
2281841
2290932
2300023
2309114
2318205
2327296
2336387
2345478
2354569
2363660
2372751
2381842
2390933
2400024
2409115
2418206
2427297
2436388
2445479
2454570
2463661
2472752
2481843
2490934
2500025
2509116
2518207
2527298
2536389
2545480
2554571
2563662
2572753
2581844
2590935
2600026
2609117
2618208
2627299
2636390
2645481
2654572
2663663
2672754
2681845
2690936
2700027
2709118
2718209
2727300
2736391
2745482
2754573
2763664
2772755
2781846
2790937
2800028
2809119
2818210
2827301
2836392
2845483
2854574
2863665
2872756
2881847
2890938
2900029
2909120
2918211
2927302
2936393
2945484
2954575
2963666
2972757
2981848
2990939
3000030
3009121
3018212
3027303
3036394
3045485
3054576
3063667
3072758
3081849
3090940
3100031
3109122
3118213
3127304
3136395
3145486
3154577
3163668
3172759
3181850
3190941
3200032
3209123
3218214
3227305
3236396
3245487
3254578
3263669
3272760
3281851
3290942
3300033
3309124
3318215
3327306
3336397
3345488
3354579
3363670
3372761
3381852
3390943
3400034
3409125
3418216
3427307
3436398
3445489
3454580
3463671
3472762
3481853
3490944
3500035
3509126
3518217
3527308
3536399
3545490
3554581
3563672
3572763
3581854
3590945
3600036
3609127
3618218
3627309
3636400
3645491
3654582
3663673
3672764
3681855
3690946
3700037
3709128
3718219
3727310
3736401
3745492
3754583
3763674
3772765
3781856
3790947
3800038
3809129
3818220
3827311
3836402
3845493
3854584
3863675
3872766
3881857
3890948
3900039
3909130
3918221
3927312
3936403
3945494
3954585
3963676
3972767
3981858
3990949
4000040
4009131
4018222
4027313
4036404
4045495
4054586
4063677
4072768
4081859
4090950
4100041
4109132
4118223
4127314
4136405
4145496
4154587
4163678
4172769
4181860
4190951
4200042
4209133
4218224
4227315
4236406
4245497
4254588
4263679
4272770
4281861
4290952
4300043
4309134
4318225
4327316
4336407
4345498
4354589
4363680
4372771
4381862
4390953
4400044
4409135
4418226
4427317
4436408
4445499
4454590
4463681
4472772
4481863
4490954
4500045
4509136
4518227
4527318
4536409
4545500
4554591
4563682
4572773
4581864
4590955
4600046
4609137
4618228
4627319
4636410
4645501
4654592
4663683
4672774
4681865
4690956
4700047
4709138
4718229
4727320
4736411
4745502
4754593
4763684
4772775
4781866
4790957
4800048
4809139
4818230
4827321
4836412
4845503
4854594
4863685
4872776
4881867
4890958
4900049
4909140
4918231
4927322
4936413
4945504
4954595
4963686
4972777
4981868
4990959
5000050
5009141
5018232
5027323
5036414
5045505
5054596
5063687
5072778
5081869
5090960
5100051
5109142
5118233
5127324
5136415
5145506
5154597
5163688
5172779
5181870
5190961
5200052
5209143
5218234
5227325
5236416
5245507
5254598
5263689
5272780
5281871
5290962
5300053
5309144
5318235
5327326
5336417
5345508
5354599
5363690
5372781
5381872
5390963
5400054
5409145
5418236
5427327
5436418
5445509
5454600
5463691
5472782
5481873
5490964
5500055
5509146
5518237
5527328
5536419
5545510
5554601
5563692
5572783
5581874
5590965
5600056
5609147
5618238
5627329
5636420
5645511
5654602
5663693
5672784
5681875
5690966
5700057
5709148
5718239
5727330
5736421
5745512
5754603
5763694
5772785
5781876
5790967
5800058
5809149
5818240
5827331
5836422
5845513
5854604
5863695
5872786
5881877
5890968
5900059
5909150
5918241
5927332
5936423
5945514
5954605
5963696
5972787
5981878
5990969
6000060
6009151
6018242
6027333
6036424
6045515
6054606
6063697
6072788
6081879
6090970
6100061
6109152
6118243
6127334
6136425
6145516
6154607
6163698
6172789
6181880
6190971
6200062
6209153
6218244
6227335
6236426
6245517
6254608
6263699
6272790
6281881
6290972
6300063
6309154
6318245
6327336
6336427
6345518
6354609
6363700
6372791
6381882
6390973
6400064
6409155
6418246
6427337
6436428
6445519
6454610
6463701
6472792
6481883
6490974
6500065
6509156
6518247
6527338
6536429
6545520
6554611
6563702
6572793
6581884
6590975
6600066
6609157
6618248
6627339
6636430
6645521
6654612
6663703
6672794
6681885
6690976
6700067
6709158
6718249
6727340
6736431
6745522
6754613
6763704
6772795
6781886
6790977
6800068
6809159
6818250
6827341
6836432
6845523
6854614
6863705
6872796
6881887
6890978
6900069
6909160
6918251
6927342
6936433
6945524
6954615
6963706
6972797
6981888
6990979
7000070
7009161
7018252
7027343
7036434
7045525
7054616
7063707
7072798
7081889
7090980
7100071
7109162
7118253
7127344
7136435
7145526
7154617
7163708
7172799
7181890
7190981
7200072
7209163
7218254
7227345
7236436
7245527
7254618
7263709
7272800
7281891
7290982
7300073
7309164
7318255
7327346
7336437
7345528
7354619
7363710
7372801
7381892
7390983
7400074
7409165
7418256
7427347
7436438
7445529
7454620
7463711
7472802
7481893
7490984
7500075
7509166
7518257
7527348
7536439
7545530
7554621
7563712
7572803
7581894
7590985
7600076
7609167
7618258
7627349
7636440
7645531
7654622
7663713
7672804
7681895
7690986
7700077
7709168
7718259
7727350
7736441
7745532
7754623
7763714
7772805
7781896
7790987
7800078
7809169
7818260
7827351
7836442
7845533
7854624
7863715
7872806
7881897
7890988
7900079
7909170
7918261
7927352
7936443
7945534
7954625
7963716
7972807
7981898
7990989
8000080
8009171
8018262
8027353
8036444
8045535
8054626
8063717
8072808
8081899
8090990
8100081
8109172
8118263
8127354
8136445
8145536
8154627
8163718
8172809
8181900
8190991
8200082
8209173
8218264
8227355
8236446
8245537
8254628
8263719
8272810
8281901
8290992
8300083
8309174
8318265
8327356
8336447
8345538
8354629
8363720
8372811
8381902
8390993
8400084
8409175
8418266
8427357
8436448
8445539
8454630
8463721
8472812
8481903
8490994
8500085
8509176
8518267
8527358
8536449
8545540
8554631
8563722
8572813
8581904
8590995
8600086
8609177
8618268
8627359
8636450
8645541
8654632
8663723
8672814
8681905
8690996
8700087
8709178
8718269
8727360
8736451
8745542
8754633
8763724
8772815
8781906
8790997
8800088
8809179
8818270
8827361
8836452
8845543
8854634
8863725
8872816
8881907
8890998
8900089
8909180
8918271
8927362
8936453
8945544
8954635
8963726
8972817
8981908
8990999
9000090
9009181
9018272
9027363
9036454
9045545
9054636
9063727
9072818
9081909
9091000
9100091
9109182
9118273
9127364
9136455
9145546
9154637
9163728
9172819
9181910
9191001
9200092
9209183
9218274
9227365
9236456
9245547
9254638
9263729
9272820
9281911
9291002
9300093
9309184
9318275
9327366
9336457
9345548
9354639
9363730
9372821
9381912
9391003
9400094
9409185
9418276
9427367
9436458
9445549
9454640
9463731
9472822
9481913
9491004
9500095
9509186
9518277
9527368
9536459
9545550
9554641
9563732
9572823
9581914
9591005
9600096
9609187
9618278
9627369
9636460
9645551
9654642
9663733
9672824
9681915
9691006
9700097
9709188
9718279
9727370
9736461
9745552
9754643
9763734
9772825
9781916
9791007
9800098
9809189
9818280
9827371
9836462
9845553
9854644
9863735
9872826
9881917
9891008
9900099
9909190
9918281
9927372
9936463
9945554
9954645
9963736
9972827
9981918
9991009
10000100
10009191
10018282
10027373
10036464
10045555
10054646
10063737
10072828
10081919
10091010
10100101
10109192
10118283
10127374
10136465
10145556
10154647
10163738
10172829
10181920
10191011
10200102
10209193
10218284
10227375
10236466
10245557
10254648
10263739
10272830
10281921
10291012
10300103
10309194
10318285
10327376
10336467
10345558
10354649
10363740
10372831
10381922
10391013
10400104
10409195
10418286
10427377
10436468
10445559
10454650
10463741
10472832
10481923
10491014
10500105
10509196
10518287
10527378
10536469
10545560
10554651
10563742
10572833
10581924
10591015
10600106
10609197
10618288
10627379
10636470
10645561
10654652
10663743
10672834
10681925
10691016
10700107
10709198
10718289
10727380
10736471
10745562
10754653
10763744
10772835
10781926
10791017
10800108
10809199
10818290
10827381
10836472
10845563
10854654
10863745
10872836
10881927
10891018
10900109
10909200
10918291
10927382
10936473
10945564
10954655
10963746
10972837
10981928
10991019
11000110
11009201
11018292
11027383
11036474
11045565
11054656
11063747
11072838
11081929
11091020
11100111
11109202
11118293
11127384
11136475
11145566
11154657
11163748
11172839
11181930
11191021
11200112
11209203
11218294
11227385
11236476
11245567
11254658
11263749
11272840
11281931
11291022
11300113
11309204
11318295
11327386
11336477
11345568
11354659
11363750
11372841
11381932
11391023
11400114
11409205
11418296
11427387
11436478
11445569
11454660
11463751
11472842
11481933
11491024
11500115
11509206
11518297
11527388
11536479
11545570
11554661
11563752
11572843
11581934
11591025
11600116
11609207
11618298
11627389
11636480
11645571
11654662
11663753
11672844
11681935
11691026
11700117
11709208
11718299
11727390
11736481
11745572
11754663
11763754
11772845
11781936
11791027
11800118
11809209
11818300
11827391
11836482
11845573
11854664
11863755
11872846
11881937
11891028
11900119
11909210
11918301
11927392
11936483
11945574
11954665
11963756
11972847
11981938
11991029
12000120
12009211
12018302
12027393
12036484
12045575
12054666
12063757
12072848
12081939
12091030
12100121
12109212
12118303
12127394
12136485
12145576
12154667
12163758
12172849
12181940
12191031
12200122
12209213
12218304
12227395
12236486
12245577
12254668
12263759
12272850
12281941
12291032
12300123
12309214
12318305
12327396
12336487
12345578
12354669
12363760
12372851
12381942
12391033
12400124
12409215
12418306
12427397
12436488
12445579
12454670
12463761
12472852
12481943
12491034
12500125
12509216
12518307
12527398
12536489
12545580
12554671
12563762
12572853
12581944
12591035
12600126
12609217
12618308
12627399
12636490
12645581
12654672
12663763
12672854
12681945
12691036
12700127
12709218
12718309
12727400
12736491
12745582
12754673
12763764
12772855
12781946
12791037
12800128
12809219
12818310
12827401
12836492
12845583
12854674
12863765
12872856
12881947
12891038
12900129
12909220
12918311
12927402
12936493
12945584
12954675
12963766
12972857
12981948
12991039
13000130
13009221
13018312
13027403
13036494
13045585
13054676
13063767
13072858
13081949
13091040
13100131
13109222
13118313
13127404
13136495
13145586
13154677
13163768
13172859
13181950
13191041
13200132
13209223
13218314
13227405
13236496
13245587
13254678
13263769
13272860
13281951
13291042
13300133
13309224
13318315
13327406
13336497
13345588
13354679
13363770
13372861
13381952
13391043
13400134
13409225
13418316
13427407
13436498
13445589
13454680
13463771
13472862
13481953
13491044
13500135
13509226
13518317
13527408
13536499
13545590
13554681
13563772
13572863
13581954
13591045
13600136
13609227
13618318
13627409
13636500
13645591
13654682
13663773
13672864
13681955
13691046
13700137
13709228
13718319
13727410
13736501
13745592
13754683
13763774
13772865
13781956
13791047
13800138
13809229
13818320
13827411
13836502
13845593
13854684
13863775
13872866
13881957
13891048
13900139
13909230
13918321
13927412
13936503
13945594
13954685
13963776
13972867
13981958
13991049
14000140
14009231
14018322
14027413
14036504
14045595
14054686
14063777
14072868
14081959
14091050
14100141
14109232
14118323
14127414
14136505
14145596
14154687
14163778
14172869
14181960
14191051
14200142
14209233
14218324
14227415
14236506
14245597
14254688
14263779
14272870
14281961
14291052
14300143
14309234
14318325
14327416
14336507
14345598
14354689
14363780
14372871
14381962
14391053
14400144
14409235
14418326
14427417
14436508
14445599
14454690
14463781
14472872
14481963
14491054
14500145
14509236
14518327
14527418
14536509
14545600
14554691
14563782
14572873
14581964
14591055
14600146
14609237
14618328
14627419
14636510
14645601
14654692
14663783
14672874
14681965
14691056
14700147
14709238
14718329
14727420
14736511
14745602
14754693
14763784
14772875
14781966
14791057
14800148
14809239
14818330
14827421
14836512
14845603
14854694
14863785
14872876
14881967
14891058
14900149
14909240
14918331
14927422
14936513
14945604
14954695
14963786
14972877
14981968
14991059
15000150
15009241
15018332
15027423
15036514
15045605
15054696
15063787
15072878
15081969
15091060
15100151
15109242
15118333
15127424
15136515
15145606
15154697
15163788
15172879
15181970
15191061
15200152
15209243
15218334
15227425
15236516
15245607
15254698
15263789
15272880
15281971
15291062
15300153
15309244
15318335
15327426
15336517
15345608
15354699
15363790
15372881
15381972
15391063
15400154
15409245
15418336
15427427
15436518
15445609
15454700
15463791
15472882
15481973
15491064
15500155
15509246
15518337
15527428
15536519
15545610
15554701
15563792
15572883
15581974
15591065
15600156
15609247
15618338
15627429
15636520
15645611
15654702
15663793
15672884
15681975
15691066
15700157
15709248
15718339
15727430
15736521
15745612
15754703
15763794
15772885
15781976
15791067
15800158
15809249
15818340
15827431
15836522
15845613
15854704
15863795
15872886
15881977
15891068
15900159
15909250
15918341
15927432
15936523
15945614
15954705
15963796
15972887
15981978
15991069
16000160
16009251
16018342
16027433
16036524
16045615
16054706
16063797
16072888
16081979
16091070
16100161
16109252
16118343
16127434
16136525
16145616
16154707
16163798
16172889
16181980
16191071
16200162
16209253
16218344
16227435
16236526
16245617
16254708
16263799
16272890
16281981
16291072
16300163
16309254
16318345
16327436
16336527
16345618
16354709
16363800
16372891
16381982
16391073
16400164
16409255
16418346
16427437
16436528
16445619
16454710
16463801
16472892
16481983
16491074
16500165
16509256
16518347
16527438
16536529
16545620
16554711
16563802
16572893
16581984
16591075
16600166
16609257
16618348
16627439
16636530
16645621
16654712
16663803
16672894
16681985
16691076
16700167
16709258
16718349
16727440
16736531
16745622
16754713
16763804
16772895
16781986
16791077
16800168
16809259
16818350
16827441
16836532
16845623
16854714
16863805
16872896
16881987
16891078
16900169
16909260
16918351
16927442
16936533
16945624
16954715
16963806
16972897
16981988
16991079
17000170
17009261
17018352
17027443
17036534
17045625
17054716
17063807
17072898
17081989
17091080
17100171
17109262
17118353
17127444
17136535
17145626
17154717
17163808
17172899
17181990
17191081
17200172
17209263
17218354
17227445
17236536
17245627
17254718
17263809
17272900
17281991
17291082
17300173
17309264
17318355
17327446
17336537
17345628
17354719
17363810
17372901
17381992
17391083
17400174
17409265
17418356
17427447
17436538
17445629
17454720
17463811
17472902
17481993
17491084
17500175
17509266
17518357
17527448
17536539
17545630
17554721
17563812
17572903
17581994
17591085
17600176
17609267
17618358
17627449
17636540
17645631
17654722
17663813
17672904
17681995
17691086
17700177
17709268
17718359
17727450
17736541
17745632
17754723
17763814
17772905
17781996
17791087
17800178
17809269
17818360
17827451
17836542
17845633
17854724
17863815
17872906
17881997
17891088
17900179
17909270
17918361
17927452
17936543
17945634
17954725
17963816
17972907
17981998
17991089
18000180
18009271
18018362
18027453
18036544
18045635
18054726
18063817
18072908
18081999
18091090
18100181
18109272
18118363
18127454
18136545
18145636
18154727
18163818
18172909
18182000
18191091
18200182
18209273
18218364
18227455
18236546
18245637
18254728
18263819
18272910
18282001
18291092
18300183
18309274
18318365
18327456
18336547
18345638
18354729
18363820
18372911
18382002
18391093
18400184
18409275
18418366
18427457
18436548
18445639
18454730
18463821
18472912
18482003
18491094
18500185
18509276
18518367
18527458
18536549
18545640
18554731
18563822
18572913
18582004
18591095
18600186
18609277
18618368
18627459
18636550
18645641
18654732
18663823
18672914
18682005
18691096
18700187
18709278
18718369
18727460
18736551
18745642
18754733
18763824
18772915
18782006
18791097
18800188
18809279
18818370
18827461
18836552
18845643
18854734
18863825
18872916
18882007
18891098
18900189
18909280
18918371
18927462
18936553
18945644
18954735
18963826
18972917
18982008
18991099
19000190
19009281
19018372
19027463
19036554
19045645
19054736
19063827
19072918
19082009
19091100
19100191
19109282
19118373
19127464
19136555
19145646
19154737
19163828
19172919
19182010
19191101
19200192
19209283
19218374
19227465
19236556
19245647
19254738
19263829
19272920
19282011
19291102
19300193
19309284
19318375
19327466
19336557
19345648
19354739
19363830
19372921
19382012
19391103
19400194
19409285
19418376
19427467
19436558
19445649
19454740
19463831
19472922
19482013
19491104
19500195
19509286
19518377
19527468
19536559
19545650
19554741
19563832
19572923
19582014
19591105
19600196
19609287
19618378